AZ.RRS    33.65   -116.74   -1610  6.00  3.50
AZ.RDM    33.63   -116.85   -1365  6.00  3.50
PB.B08    33.71   -116.71   -1467  6.00  3.50
AZ.KNW    33.71   -116.71   -1507  6.00  3.50
PB.B09    33.59   -116.76   -1230  6.00  3.50
CI.IDY    33.75   -116.72   -1632  6.00  3.50
CI.POB    33.69   -116.92    -999  6.00  3.50
AZ.TMS    33.62   -116.68   -2077  6.00  3.50
AZ.CRY    33.57   -116.74   -1128  6.00  3.50
CI.SLR    33.83   -116.80   -1567  6.00  3.50
CI.HMT    33.71   -117.00    -593  6.00  3.50
CI.ANG    33.50   -116.81   -1050  6.00  3.50
CI.CSH    33.64   -116.60   -1637  6.00  3.50
CI.DGR    33.65   -117.01    -650  6.00  3.50
CI.DNR    33.57   -116.63   -1274  6.00  3.50
PB.B08    33.60   -116.60   -1375  6.00  3.50
PB.B08    33.60   -116.60   -1375  6.00  3.50
CI.MSJ    33.81   -116.97    -466  6.00  3.50
AZ.SND    33.55   -116.61   -1358  6.00  3.50
CI.BAC    33.61   -117.04    -551  6.00  3.50
AZ.BZN    33.49   -116.67   -1301  6.00  3.50
PB.B94    33.54   -116.59   -1429  6.00  3.50
CI.CZN    33.91   -116.78    -538  6.00  3.50
YN.JOR    33.47   -116.64   -1235  6.00  3.50
PB.B08    33.50   -116.60   -1139  6.00  3.50
AZ.FRD    33.49   -116.60   -1164  6.00  3.50
PB.B08    33.56   -116.53   -1392  6.00  3.50
PB.B08    33.56   -116.53   -1392  6.00  3.50
CI.PSD    33.82   -116.55    -144  6.00  3.50
CI.BBS    33.92   -116.98    -785  6.00  3.50
CI.PGA    33.49   -117.06    -352  6.00  3.50
PY.BPH    33.61   -116.46   -1295  6.00  3.50
AZ.PFO    33.61   -116.46   -1259  6.00  3.50
PY.BPH    33.61   -116.46   -1300  6.00  3.50
PY.BPH    33.61   -116.46   -1251  6.00  3.50
PY.BPH    33.61   -116.46   -1300  6.00  3.50
PB.B08    33.61   -116.46   -1271  6.00  3.50
PY.BPH    33.61   -116.46   -1287  6.00  3.50
PY.BPH    33.61   -116.46   -1302  6.00  3.50
PY.BPH    33.61   -116.46   -1292  6.00  3.50
II.XPF    33.61   -116.46   -1280  6.00  3.50
PY.PFO    33.61   -116.46   -1280  6.00  3.50
PY.BPH    33.61   -116.46   -1285  6.00  3.50
PY.BPH    33.61   -116.45   -1289  6.00  3.50
PY.BPH    33.61   -116.46   -1275  6.00  3.50
II.PFO    33.61   -116.45   -1280  6.00  3.50
PY.TPF    33.61   -116.45   -1275  6.00  3.50
PY.BPH    33.61   -116.45   -1300  6.00  3.50
PY.BPH    33.61   -116.45   -1294  6.00  3.50
PY.BPH    33.61   -116.45   -1300  6.00  3.50
CI.VLY    33.74   -117.16    -446  6.00  3.50
CI.DEV    33.94   -116.58    -337  6.00  3.50
CI.PLM    33.35   -116.86   -1691  6.00  3.50
CI.MOR    33.50   -117.14    -331  6.00  3.50
PB.B08    33.37   -116.62   -1404  6.00  3.50
CI.MUR    33.60   -117.20    -562  6.00  3.50
CI.PAL    33.39   -117.03    -552  6.00  3.50
AZ.TRO    33.52   -116.43   -2628  6.00  3.50
CI.PMD    33.65   -116.38    -296  6.00  3.50
CI.SNO    34.04   -116.81   -2339  6.00  3.50
AZ.SME    33.46   -117.17    -356  6.00  3.50
AZ.LVA    33.35   -116.56   -1435  6.00  3.50
CI.MSC    34.04   -116.65    -938  6.00  3.50
CI.PER    33.86   -117.21    -468  6.00  3.50
CI.MGE    33.82   -116.37     -68  6.00  3.50
CI.MNO    33.95   -117.17    -564  6.00  3.50
CI.WWC    33.94   -116.41    -619  6.00  3.50
CI.FHO    34.09   -116.94   -1614  6.00  3.50
CI.ESI    33.67   -117.33    -388  6.00  3.50
CI.LKH    33.24   -116.76    -847  6.00  3.50
CI.CFT    34.04   -117.11    -682  6.00  3.50
