2000-01-01T00:00:00 39.500000 142.400000 15.000000 0.000000 0.000000 0.000000 0.000000 dat-SYN/000101.000000 SYN
2000-01-01T01:00:00 39.500000 142.500000 15.000000 0.000000 0.000000 0.000000 0.000000 dat-SYN/000101.010000 SYN
2000-01-01T02:00:00 39.500000 142.600000 15.000000 0.000000 0.000000 0.000000 0.000000 dat-SYN/000101.020000 SYN
2000-01-01T03:00:00 39.500000 142.700000 15.000000 0.000000 0.000000 0.000000 0.000000 dat-SYN/000101.030000 SYN
2000-01-01T04:00:00 39.600000 142.400000 15.000000 0.000000 0.000000 0.000000 0.000000 dat-SYN/000101.040000 SYN
2000-01-01T05:00:00 39.600000 142.500000 15.000000 0.000000 0.000000 0.000000 0.000000 dat-SYN/000101.050000 SYN
2000-01-01T06:00:00 39.600000 142.600000 15.000000 0.000000 0.000000 0.000000 0.000000 dat-SYN/000101.060000 SYN
2000-01-01T07:00:00 39.600000 142.700000 15.000000 0.000000 0.000000 0.000000 0.000000 dat-SYN/000101.070000 SYN
2000-01-01T09:00:00 39.700000 142.500000 15.000000 0.000000 0.000000 0.000000 0.000000 dat-SYN/000101.090000 SYN
2000-01-01T10:00:00 39.700000 142.600000 15.000000 0.000000 0.000000 0.000000 0.000000 dat-SYN/000101.100000 SYN
2000-01-01T11:00:00 39.700000 142.700000 15.000000 0.000000 0.000000 0.000000 0.000000 dat-SYN/000101.110000 SYN
2000-01-01T08:00:00 39.700000 142.400000 15.000000 0.000000 0.000000 0.000000 0.000000 dat-SYN/000101.080000 SYN
2000-01-01T14:00:00 39.800000 142.600000 15.000000 0.000000 0.000000 0.000000 0.000000 dat-SYN/000101.140000 SYN
2000-01-01T15:00:00 39.800000 142.700000 15.000000 0.000000 0.000000 0.000000 0.000000 dat-SYN/000101.150000 SYN
2000-01-01T12:00:00 39.800000 142.400000 15.000000 0.000000 0.000000 0.000000 0.000000 dat-SYN/000101.120000 SYN
2000-01-01T13:00:00 39.800000 142.500000 15.000000 0.000000 0.000000 0.000000 0.000000 dat-SYN/000101.130000 SYN
2000-01-01T19:00:00 39.900000 142.700000 15.000000 0.000000 0.000000 0.000000 0.000000 dat-SYN/000101.190000 SYN
2000-01-01T18:00:00 39.900000 142.600000 15.000000 0.000000 0.000000 0.000000 0.000000 dat-SYN/000101.180000 SYN
2000-01-01T17:00:00 39.900000 142.500000 15.000000 0.000000 0.000000 0.000000 0.000000 dat-SYN/000101.170000 SYN
2000-01-01T16:00:00 39.900000 142.400000 15.000000 0.000000 0.000000 0.000000 0.000000 dat-SYN/000101.160000 SYN
2000-01-01T20:00:00 39.500000 143.800000 15.000000 0.000000 0.000000 0.000000 0.000000 dat-SYN/000101.200000 SYN
2000-01-01T21:00:00 39.600000 143.700000 15.000000 0.000000 0.000000 0.000000 0.000000 dat-SYN/000101.210000 SYN
2000-01-01T22:00:00 39.500000 143.700000 15.000000 0.000000 0.000000 0.000000 0.000000 dat-SYN/000101.220000 SYN
2000-01-01T23:00:00 39.600000 143.800000 15.000000 0.000000 0.000000 0.000000 0.000000 dat-SYN/000101.230000 SYN
